11,9:-4,2,2,-8,-10,-8,-16,-16,-20,-6,2,-10,-8,4
11,-4:6,6,10,12,12,20,14,4,-12,-16,-14,-14,4,-14,4,-26,16
-2,19:-4,4,-14,2,4,12,16,8,18,-4,8,20,-10,-10,10,0
0,3:-4,0,-8,-2,0,-2,0,-4,-8,0,-6,-10,-4,8,-16,-10
0,-5:-4,0,6,8,4,14,12,-12,-6,20,26,26,-8,-8,10,2
11,9:-4,-12,-4,6,16,10,10,-12,-8,-2,10,0,-28,-42,-16,-26,18
6,-5:-4,-4,-8,-20,-20,-26,10,12,-2,12,-28,-2,4,-16,-6
24,19:-4,0,8,4,6,-8,-10,-8,6,-4,-2,10,4,0,-18,-14,-10,-2,16
6,8:6,6,6,-6,-10,-6,-10,4,4,-4,-6,-22,-14,-18,12,12
9,-11:-4,-6,-8,-16,-28,-22,-14,-16,-2,-6,-16,-20,-2,-38,-2,4,-24,-36,-32,-10,-16,-18
-1,8:-4,0,6,-2,0,0,8,-2,-2,0,6,12,-14,10,-4,6
10,-5:-4,-4,-2,4,0,12,-2,-10,10,12,6,2,4,26,26,8,8,10,12
10,26:6,6,2,0,8,12,14,10,2,-4,16,2,12,2,6,4,14
-8,18:6,6,6,6,-2,4,-12,-2,-16,4,-10,-12,-2,14,40,-12,-10,14,-14,-6,30
-8,12:-4,-14,10,10,14,6,4,-2,-10,-4,12,14,-4,-4,32
5,-5:-4,2,0,-8,-6,-8,-2,-4,8,16,10,0,2,14,-2,-18,-2
3,19:-4,-12,-6,-2,-8,-6,-12,-10,-12,-16,-6,-10,-8, -10, 10, 2